100900003
100900007
100900009
100900002
106900001
106900002
100100549
100100006
100100007
100100008
100100009
100100010
100100011
100100012
100100013
100100014
100100016
100100015
100100017
100100583
100100018
100100019
100100020
100100021
100100022
100100023
100100024
100100025
100100026
100100027
100100029
100100030
100100031
100100032
100100033
100100034
100100035
100100036
100100037
100100038
100100039
100100407
100100595
104000006
100100042
100100043
100100044
100100046
100100047
100100048
100100049
100100051
100100052
100100053
100100564
100100496
100100055
100100056
100100553
100100582
100100057
124000036
100100061
100100596
100100062
100100063
100100597
100100064
100100461
100100068
100100409
100100459
100100070
100100071
100100458
100100605
100100073
100100074
100100075
100100076
100100077
100100410
100100078
100100079
100100080
100100081
100100082
100100083
100100574
100100603
100100084
100100085
100100086
100100087
100100088
100100089
100100090
100100091
100100093
100100094
100100095
100100096
100100097
100100098
100100099
100100497
100100102
100100550
100100436
100100495
100100551
100100440
100100103
100100104
100100105
100100106
100100107
100100587
100100108
100100511
100100110
100100111
100100112
100100537
100100114
100100565
100100116
100100117
100100118
100100119
100100437
100100593
100100610
100100592
100100586
100100591
100100585
100100589
100100588
100100124
100100129
100100130
100100131
100100132
100100133
100100134
100100566
100100137
100100138
100100425
100100139
100100142
100100143
100100144
100100145
100100146
100100147
100100148
100100149
100100150
100100151
100100152
100100153
100100154
100100155
100100156
100100157
100100158
100100159
100100164
100100165
100100166
100100167
100100169
100100170
100100171
100100172
100100173
100100175
100100177
100100178
100100179
100100181
100100183
100100184
100100185
100100186
100100188
100100189
100100190
100100522
100100191
100100192
100100193
100100598
100100194
100100198
100100199
100100201
100100202
100100203
100100204
100100205
100100206
100100599
100100611
100100209
100100210
100100211
100100438
100100579
100100212
100100213
100100215
100100216
100100218
100100219
100100220
100100221
100100222
100100478
100100498
100100501
100100578
100100613
100100223
100100224
100100225
100100226
100100228
100100229
100100232
100100609
100100612
100100604
100100234
100100237
100100427
100100500
100100454
100100246
100100247
122000001
100100248
100100249
100100250
100100251
100100252
100100253
100100254
100100255
100100257
100100258
100100259
100100260
100100261
100100263
100100264
100100265
100100266
100100267
100100268
100100269
100100272
100100273
100100274
100100275
100100276
100100277
100100278
100100279
100100280
100100281
100100282
100100283
100100284
100100285
100100286
100100287
100100288
100100289
100100290
100100291
100100292
100100293
100100294
100100521
100100576
100100295
100100453
100100297
100100298
100100299
100100300
100100301
100100302
100100303
100100304
100100305
100100306
100100307
100100308
100100309
100100311
100100312
100100313
100100601
100100602
100100316
100100317
100100318
100100320
115000005
100100322
100100323
100100324
100100329
100100330
100100331
100100332
100100451
100100450
100100449
100100448
100100447
100100337
100100338
100100339
100100340
100100341
100100342
100100446
100100344
100100499
100100345
100100346
100100347
100100348
100100349
100100548
100100462
124000008
100100352
100100353
100100354
100100357
100100358
100100359
100100360
100100362
100100363
100100364
100100552
100000004
100100370
100100383
100100525
100100387
100100001
100100002
100100003
124000007
100100514
100100389
100100390
100100391
100100392
100100397
100100398
100100400
100100402
100100607
100100606
100100406